5 2
5 1
4 1
3 1
2 1
1 1
1 2
1 3
1 4
1 5
1 6
1 7
2 7
3 7
4 7
5 7
5 6
5 5
4 5
3 5
2 5
3 5
3 4
3 3
3 2
4 2
5 2
6 2
6 1
7 1
8 1
9 1
10 1
11 1
12 1
13 1
13 2
14 2
15 2
16 2
17 2
18 2
19 2
20 2
21 2
22 2
23 2
23 3
24 3
25 3
25 4
25 5
25 6
26 6
27 6
28 6
29 6
29 5
29 4
29 3
29 2
29 3
29 4
29 5
30 5
31 5
32 5
33 5
34 5
35 5
36 5
37 5
38 5
39 5
40 5
41 5
42 5
43 5
44 5
45 5
46 5
47 5
47 6
47 7
47 6
47 5
47 4
47 3
47 2
47 1
48 1
49 1
50 1
51 1
52 1
53 1
54 1
55 1
56 1
57 1
58 1
59 1
60 1
61 1
62 1
63 1
63 2
63 3
63 4
64 4
65 4
65 5
65 6
65 7
64 7
63 7
62 7
61 7
60 7
59 7
59 8
58 8
58 9
58 10
57 10
56 10
55 10
54 10
53 10
52 10
51 10
50 10
49 10
48 10
47 10
47 11
47 12
46 12
46 13
46 14
46 15
46 16
46 17
46 18
46 19
46 20
45 20
45 21
44 21
43 21
42 21
41 21
41 20
41 19
40 19
40 18
40 17
