1 2
1 3
1 4
1 5
1 6
1 7
1 8
1 9
1 10
2 10
3 10
4 10
5 10
6 10
7 10
8 10
8 11
9 11
10 11
10 12
10 13
11 13
12 13
13 13
13 14
13 15
13 16
14 16
15 16
15 17
16 17
16 18
16 19
16 20
17 20
18 20
18 21
18 22
18 23
18 24
18 25
18 26
18 27
18 28
18 29
19 29
19 28
19 27
19 26
19 27
20 27
21 27
22 27
22 28
22 29
22 30
22 31
22 32
23 32
24 32
25 32
26 32
27 32
28 32
27 32
26 32
25 32
25 33
25 34
25 35
25 36
26 36
26 37
26 38
26 39
26 40
26 41
26 42
25 42
25 43
24 43
23 43
22 43
22 42
22 41
22 40
23 40
23 39
23 38
23 37
23 36
23 35
23 34
22 34
21 34
21 35
21 36
21 37
20 37
19 37
19 38
19 39
19 40
19 41
18 41
17 41
16 41
15 41
14 41
13 41
13 42
13 43
13 44
13 45
13 46
13 47
13 48
13 49
13 50
13 51
12 51
11 51
10 51
9 51
9 52
9 53
9 54
9 55
9 56
9 57
9 58
10 58
10 57
11 57
12 57
13 57
14 57
15 57
15 56
15 57
14 57
13 57
12 57
11 57
10 57
9 57
8 57
8 58
8 59
8 60
